1716619132110
1716619253052
1716619374123
1716619494835
1716619615153
1716619736194
1716619856658
1716619978222
1716620105047
1716620226252
1716620346668
1716620467268
1716620588604
1716620709066
1716620830321
1716620950714
1716621071168
1716621192363
1716621313062
1716621434383
1716621554925
1716621675431
1716622066404
1716622114142
1716622174521
1716622236163
1716622296560
1716622357039
1716622418182
1716622480188
1716622540583
1716622602200
1716622662662
1716622722972
1716622784215
1716622844581
1716622904906
1716622966235
1716623026954
1716623088247
1716623150246
1716623210662
1716623272265
1716623332712
1716623393247
1716623454291
1716623514630
1716623574951
1716623636310
1716623697030
1716623758322
1716623819244
1716623886344
1716623946789
1716624007280
1716624068381
1716624129027
1716624189346
1716624250403
1716624310826
1716624372422
1716624433185
1716624494601
1716624555304
1716624616445
1716624676863
1716624737213
1716624798463
1716624859406
1716624920474
1716624980861
1716625041299
1716625102493
1716625164497
1716625237500
1716625311511
1716625372529
1716625432857
1716625493513
1716625554555
1716625616561
1716625677176
1716625737495
1716625798582
1716625858949
1716625919254
1716625980597
1716626041333
1716626102620
1716626162986
1716626224630
1716626285623
1716626346673
1716626407432
1716626468694
1716626529193
1716626590715
1716626651102
1716626711432
1716626772734
1716626990647
1716627051722
1716627112172
1716627173733
1716627234393
1716627295746
1716627356211
1716627416635
1716627477764
1716627538392
1716627599785
1716627660152
1716627720630
1716627781805
1716627842245
1716627902709
1716627963821
1716628024148
1716628084470
1716628145840
1716628206547
1716628267851
1716628328307
1716628389862
1716628450251
1716628510755
1716628571881
1716628632331
1716628693892
1716628754546
1716628815912
1716628876780
1716628937916
1716628998223
1716629059928
1716629120624
1716629181940
1716629242806
1716629303953
1716629364301
1716629424700
1716629485971
1716629546805
1716629607993
1716629668348
1716629730004
1716629790379
1716629850747
1716629923018
1716629984043
1716630050901
1716630112052
1716630174059
1716630234696
1716630296070
1716630356586
1716630416984
1716630478088
1716630538854
1716630600100
1716630660582
1716630720982
1716630782125
1716630844135
1716630904852
1716630966146
1716631026580
1716631087117
1716631148164
1716631208610
1716631268956
1716631330182
1716631390569
1716631452203
1716631514210
1716631574914
1716631636231
1716631696657
1716631758244
1716631818688
1716631879006
1716631940262
1716632000606
1716632062273
1716632122728
1716632184286
1716632244924
1716632305247
1716632366342
1716632426687
1716632487005
1716632548371
1716632609124
1716632670381
1716632730683
1716632791003
1716632852401
1716632913120
1716632974423
1716633034841
1716633096434
1716633156774
1716633217080
1716633277402
1716633338502
1716633400504
1716633460919
1716633522516
1716633583182
1716633644528
1716633704996
1716633765444
1716633832593
1716633892915
1716633953283
1716634020606
1716634080964
1716634153599
1716634215020
1716634275473
1716634336656
1716634397122
1716634457611
1716634518704
1716634579200
1716634640716
1716634701391
1716634762728
1716634823495
1716634891031
1716634951469
1716635012753
1716635073130
1716635134765
1716635195520
1716635256789
1716635324801
1716635385309
1716635445787
1716635506833
1716635568838
1716635635421
1716635702850
1716635763675
1716635824863
1716635897867
1716635971882
1716636045901
1716636119917
1716636179961
1716636239986
1716636300011
1716636360036
1716636420061
1716636480086
1716636540111
1716636600136
1716636660161
1716636720186
1716636780211
1716636840236
1716636900261
1716636960286
1716637020311
1716637080336
1716637140361
1716637200386
1716637260411
1716637320436
1716637380462
1716637440487
1716637500512
1716637560537
1716637620562
1716637680587
1716637740612
1716637800637
1716637860662
1716637920693
1716637980718
1716638040743
1716638100768
1716638160793
1716638220818
1716638280843
1716638340868
1716638400893
1716638460920
1716638520946
1716638580971
1716638640996
1716638701021
1716638761046
1716638821071
1716638881096
1716638941121
1716639001146
1716639061171
1716639121196
1716639181221
1716639241246
1716639301271
1716639361296
1716639421321
1716639481346
1716639541371
1716639601396
1716639661421
1716639721446
1716639781471
1716639841496
1716639901521
1716639961546
1716640021572
1716640081597
1716640141622
1716640201657
1716640261682
1716640321707
1716640381732
1716640441757
1716640501782
1716640561807
1716640621832
1716640681857
1716640741882
1716640801907
1716640861932
1716640921957
1716640981982
1716641042007
1716641102032
1716641162057
1716641222082
1716641282107
1716641342132
1716641402157
1716641462182
1716641522207
1716641582232
1716641642257
1716641702282
1716641762307
1716641822332
1716641882357
1716641942382
1716642002407
1716642062432
1716642122457
1716642182482
1716642242507
