1716619130101
1716619252110
1716619373051
1716619494122
1716619614834
1716619735153
1716619856193
1716619976657
1716620098222
1716620225047
1716620346252
1716620466668
1716620587267
1716620708603
1716620829065
1716620950321
1716621070714
1716621191167
1716621312362
1716621433061
1716621554383
1716621674925
 1716622065663
1716622113134
1716622174142
1716622234520
1716622296163
1716622356560
1716622417038
1716622478182
1716622540187
1716622600583
1716622662199
1716622722662
1716622782971
1716622844214
1716622904581
1716622964906
1716623026235
1716623086954
1716623148247
1716623210245
1716623270662
1716623332265
1716623392712
1716623453247
1716623514291
1716623574630
1716623634950
1716623696310
1716623757029
1716623818321
1716623879244
1716623946343
1716624006789
1716624067279
1716624128381
1716624189027
1716624249345
1716624310403
1716624370825
1716624432422
1716624493184
1716624554601
1716624615303
1716624676444
1716624736862
1716624797212
1716624858463
1716624919406
1716624980474
1716625040860
1716625101299
1716625162493
1716625224497
1716625297500
1716625371511
1716625432528
1716625492856
1716625553513
1716625614554
1716625676560
1716625737175
1716625797494
1716625858581
1716625918948
1716625979253
1716626040596
1716626101332
1716626162619
1716626222986
1716626284629
1716626345623
1716626406672
1716626467432
1716626528694
1716626589193
1716626650714
1716626711102
1716626771432
1716626989718
1716627050646
1716627111721
1716627172172
1716627233732
1716627294393
1716627355745
1716627416211
1716627476635
1716627537764
1716627598392
1716627659784
1716627720151
1716627780630
1716627841805
1716627902244
1716627962709
1716628023821
1716628084148
1716628144470
1716628205839
1716628266547
1716628327851
1716628388306
1716628449861
1716628510250
1716628570754
1716628631880
1716628692330
1716628753891
1716628814545
1716628875912
1716628936779
1716628997916
1716629058222
1716629119928
1716629180623
1716629241940
1716629302806
1716629363952
1716629424300
1716629484700
1716629545970
1716629606804
1716629667992
1716629728347
1716629790004
1716629850379
1716629910747
1716629983017
1716630044042
1716630110900
1716630172051
1716630234058
1716630294695
1716630356069
1716630416585
1716630476984
1716630538087
1716630598853
1716630660100
1716630720582
1716630780981
1716630842124
1716630904134
1716630964851
1716631026146
1716631086580
1716631147117
1716631208163
1716631268609
1716631328955
1716631390182
1716631450568
1716631512203
1716631574210
1716631634914
1716631696231
1716631756656
1716631818243
1716631878688
1716631939006
1716632000261
1716632060606
1716632122272
1716632182728
1716632244286
1716632304924
1716632365247
1716632426342
1716632486686
1716632547004
1716632608371
1716632669124
1716632730380
1716632790683
1716632851003
1716632912400
1716632973120
1716633034422
1716633094840
1716633156434
1716633216773
1716633277079
1716633337401
1716633398501
1716633460503
1716633520919
1716633582515
1716633643182
1716633704527
1716633764995
1716633825444
1716633892592
1716633952914
1716634013283
1716634080605
1716634140963
1716634213599
1716634275020
1716634335472
1716634396656
1716634457121
1716634517610
1716634578703
1716634639200
1716634700715
1716634761391
1716634822728
1716634883494
1716634951031
1716635011469
1716635072753
1716635133130
1716635194764
1716635255520
1716635316788
1716635384801
1716635445308
1716635505786
1716635566833
1716635628837
1716635695420
1716635762850
1716635823675
1716635884862
1716635957867
1716636031882
1716636105900
1716636179917
1716636239960
1716636299985
1716636360010
1716636420035
1716636480060
1716636540085
1716636600110
1716636660135
1716636720160
1716636780185
1716636840210
1716636900235
1716636960260
1716637020285
1716637080310
1716637140335
1716637200360
1716637260385
1716637320410
1716637380436
1716637440461
1716637500486
1716637560511
1716637620536
1716637680561
1716637740586
1716637800611
1716637860636
1716637920661
1716637980692
1716638040717
1716638100742
1716638160767
1716638220792
1716638280817
1716638340842
1716638400867
1716638460892
1716638520920
1716638580945
1716638640970
1716638700995
1716638761020
1716638821045
1716638881070
1716638941095
1716639001120
1716639061145
1716639121170
1716639181195
1716639241220
1716639301245
1716639361270
1716639421295
1716639481320
1716639541345
1716639601370
1716639661395
1716639721420
1716639781445
1716639841470
1716639901495
1716639961520
1716640021546
1716640081571
1716640141596
1716640201621
1716640261656
1716640321681
1716640381706
1716640441731
1716640501756
1716640561781
1716640621806
1716640681831
1716640741856
1716640801881
1716640861906
1716640921931
1716640981956
1716641041981
1716641102006
1716641162031
1716641222056
1716641282081
1716641342106
1716641402131
1716641462156
1716641522181
1716641582206
1716641642231
1716641702256
1716641762281
1716641822306
1716641882331
1716641942356
1716642002381
1716642062406
1716642122431
1716642182456
1716642242481
